Group 0
201 248
Group 1
164 212
Group 2
78 107
Group 3
148 175
Group 4
783 825
Group 5
982 1021
Group 6
227 250
Group 7
654 693
Group 8
88 128
Group 9
953 980
Group 10
812 840
Group 11
102 134
Group 12
582 605
Group 13
513 552
Group 14
123 162
Group 15
574 610
Group 16
235 260
Group 17
461 497
Group 18
364 390
Group 19
877 897
Group 20
130 160
Group 21
243 283
Group 22
646 690
Group 23
323 359
Group 24
707 750
Group 25
485 519
Group 26
359 391
Group 27
783 826
Group 28
175 213
Group 29
862 886
Group 30
572 620
Group 31
211 248
Group 32
871 898
Group 33
659 691
Group 34
369 413
Group 35
137 174
Group 36
620 662
Group 37
613 649
Group 38
288 336
Group 39
828 863
Group 40
355 375
Group 41
895 928
Group 42
269 311
Group 43
109 150
Group 44
554 577
Group 45
319 345
Group 46
773 817
Group 47
49 69
Group 48
267 316
Group 49
131 176
Group 50
976 1008
Group 51
4 43
Group 52
777 809
Group 53
980 1010
Group 54
211 239
Group 55
723 749
Group 56
166 196
Group 57
904 953
Group 58
57 101
Group 59
494 529
Group 60
342 362
Group 61
445 465
Group 62
732 755
Group 63
562 586
Group 64
289 321
Group 65
233 268
Group 66
723 752
Group 67
280 327
Group 68
594 640
Group 69
637 679
Group 70
777 800
Group 71
718 744
Group 72
527 554
Group 73
327 360
Group 74
700 734
Group 75
708 750
Group 76
210 241
Group 77
857 878
Group 78
597 645
Group 79
546 576
Group 80
662 685
Group 81
598 626
Group 82
478 524
Group 83
815 841
Group 84
751 785
Group 85
642 671
Group 86
384 429
Group 87
68 116
Group 88
351 374
Group 89
498 543
Group 90
443 488
Group 91
324 366
Group 92
213 258
Group 93
702 749
Group 94
521 569
Group 95
621 670
Group 96
370 403
Group 97
673 709
Group 98
376 413
Group 99
77 102
Group 100
78 111
Group 101
415 447
Group 102
470 510
Group 103
201 237
Group 104
605 647
Group 105
926 948
Group 106
852 893
Group 107
412 432
Group 108
380 423
Group 109
389 415
Group 110
783 817
Group 111
996 1033
Group 112
306 336
Group 113
509 547
Group 114
994 1032
Group 115
976 1019
Group 116
262 282
Group 117
595 621
Group 118
749 793
Group 119
609 636
Group 120
82 110
Group 121
217 253
Group 122
124 147
Group 123
488 517
Group 124
547 581
Group 125
561 602
Group 126
157 193
Group 127
475 502
Group 128
168 197
Group 129
806 839
Group 130
783 822
Group 131
932 966
Group 132
810 831
Group 133
138 183
Group 134
707 742
Group 135
972 1020
Group 136
425 445
Group 137
233 282
Group 138
636 662
Group 139
707 744
Group 140
448 497
Group 141
326 365
Group 142
528 560
Group 143
715 745
Group 144
613 646
Group 145
197 235
Group 146
751 787
Group 147
199 228
Group 148
264 306
Group 149
673 694
Group 150
344 389
Group 151
551 599
Group 152
403 452
Group 153
512 548
Group 154
759 788
Group 155
313 344
Group 156
47 94
Group 157
735 768
Group 158
760 782
Group 159
738 770
Group 160
653 702
Group 161
788 821
Group 162
392 440
Group 163
434 469
Group 164
661 698
Group 165
105 152
Group 166
171 202
Group 167
818 839
Group 168
433 464
Group 169
931 955
Group 170
905 933
Group 171
334 368
Group 172
131 167
Group 173
508 543
Group 174
816 846
Group 175
685 714
Group 176
306 326
Group 177
956 991
Group 178
866 898
Group 179
521 546
Group 180
244 286
Group 181
463 507
Group 182
446 468
Group 183
338 384
Group 184
359 389
Group 185
621 670
Group 186
839 865
Group 187
527 570
Group 188
142 166
Group 189
11 47
Group 190
127 172
Group 191
829 872
Group 192
494 524
Group 193
378 409
Group 194
432 462
Group 195
640 666
Group 196
427 458
Group 197
7 49
Group 198
673 718
Group 199
905 934
Group 200
469 493
Group 201
132 165
Group 202
233 253
Group 203
575 605
Group 204
266 309
Group 205
485 528
Group 206
206 242
Group 207
834 879
Group 208
194 236
Group 209
329 364
Group 210
125 171
Group 211
588 628
Group 212
2 38
Group 213
580 626
Group 214
344 391
Group 215
927 958
Group 216
779 811
Group 217
849 871
Group 218
471 515
Group 219
533 576
Group 220
769 818
Group 221
524 563
Group 222
520 550
Group 223
258 280
Group 224
837 867
Group 225
221 255
Group 226
690 712
Group 227
353 378
Group 228
606 628
Group 229
207 231
Group 230
930 966
Group 231
58 89
Group 232
547 588
Group 233
654 677
Group 234
703 724
Group 235
525 572
Group 236
584 604
Group 237
801 843
Group 238
607 656
Group 239
319 352
Group 240
958 987
Group 241
387 418
Group 242
762 797
Group 243
934 972
Group 244
428 477
Group 245
953 990
Group 246
127 154
Group 247
79 126
Group 248
58 88
Group 249
847 891
Group 250
155 183
Group 251
692 726
Group 252
150 174
Group 253
45 92
Group 254
444 470
Group 255
900 948
Group 256
93 139
Group 257
131 171
Group 258
295 339
Group 259
409 436
Group 260
177 219
Group 261
20 45
Group 262
348 395
Group 263
39 81
Group 264
639 672
Group 265
303 334
Group 266
682 726
Group 267
384 418
Group 268
496 528
Group 269
272 311
Group 270
64 91
Group 271
809 836
Group 272
931 964
Group 273
8 56
Group 274
245 290
Group 275
262 306
Group 276
288 318
Group 277
105 148
Group 278
465 499
Group 279
632 663
Group 280
940 969
Group 281
895 921
Group 282
571 591
Group 283
609 638
Group 284
579 608
Group 285
258 298
Group 286
427 458
Group 287
285 319
Group 288
712 732
Group 289
371 399
Group 290
499 540
Group 291
950 971
Group 292
387 436
Group 293
997 1036
Group 294
803 838
Group 295
833 859
Group 296
453 500
Group 297
155 202
Group 298
603 636
Group 299
730 766
Group 300
873 896
Group 301
270 290
Group 302
535 579
Group 303
761 800
Group 304
877 925
Group 305
159 198
Group 306
54 87
Group 307
728 764
Group 308
2 36
Group 309
434 467
Group 310
385 418
Group 311
785 830
Group 312
293 332
Group 313
186 210
Group 314
354 393
Group 315
408 448
Group 316
201 224
Group 317
42 90
Group 318
803 852
Group 319
870 913
Group 320
967 1013
Group 321
936 971
Group 322
454 488
Group 323
714 749
Group 324
526 568
Group 325
203 242
Group 326
421 463
Group 327
927 963
Group 328
216 255
Group 329
835 864
Group 330
751 796
Group 331
803 831
Group 332
828 857
Group 333
2 35
Group 334
675 718
Group 335
706 750
Group 336
774 818
Group 337
181 230
Group 338
463 508
Group 339
219 245
Group 340
427 465
Group 341
494 514
Group 342
57 93
Group 343
382 403
Group 344
898 940
Group 345
101 142
Group 346
880 903
Group 347
15 47
Group 348
792 819
Group 349
753 800
Group 350
494 527
Group 351
330 363
Group 352
738 779
Group 353
831 876
Group 354
1 30
Group 355
310 340
Group 356
713 751
Group 357
501 527
Group 358
362 390
Group 359
590 632
Group 360
455 486
Group 361
804 848
Group 362
39 79
Group 363
787 810
Group 364
495 519
Group 365
793 840
Group 366
618 643
Group 367
529 555
Group 368
597 620
Group 369
66 91
Group 370
321 363
Group 371
637 682
Group 372
639 675
Group 373
276 297
Group 374
575 618
Group 375
189 233
Group 376
223 248
Group 377
496 540
Group 378
46 85
Group 379
443 473
Group 380
539 569
Group 381
504 538
Group 382
790 826
Group 383
829 851
Group 384
288 337
Group 385
354 399
Group 386
443 463
Group 387
502 544
Group 388
675 714
Group 389
831 868
Group 390
597 636
Group 391
155 201
Group 392
777 799
Group 393
632 669
Group 394
792 828
Group 395
91 114
Group 396
813 858
Group 397
367 399
Group 398
756 799
Group 399
749 769
Group 400
95 118
Group 401
738 777
Group 402
833 878
Group 403
178 214
Group 404
712 751
Group 405
491 533
Group 406
736 775
Group 407
179 221
Group 408
210 251
Group 409
980 1019
Group 410
49 93
Group 411
67 110
Group 412
828 854
Group 413
448 495
Group 414
130 162
Group 415
311 358
Group 416
50 79
Group 417
378 410
Group 418
332 352
Group 419
488 527
Group 420
528 563
Group 421
495 516
Group 422
695 733
Group 423
304 336
Group 424
654 699
Group 425
287 322
Group 426
525 570
Group 427
630 672
Group 428
306 347
Group 429
125 159
Group 430
519 547
Group 431
800 844
Group 432
578 607
Group 433
339 373
Group 434
342 390
Group 435
616 638
Group 436
500 545
Group 437
850 886
Group 438
823 854
Group 439
808 844
Group 440
54 83
Group 441
197 226
Group 442
171 210
Group 443
911 935
Group 444
17 57
Group 445
60 84
Group 446
884 920
Group 447
773 802
Group 448
403 439
Group 449
632 665
Group 450
250 279
Group 451
185 220
Group 452
561 594
Group 453
434 460
Group 454
599 621
Group 455
341 386
Group 456
198 218
Group 457
412 448
Group 458
731 775
Group 459
106 131
Group 460
864 888
Group 461
432 473
Group 462
162 189
Group 463
316 339
Group 464
691 723
Group 465
505 527
Group 466
112 133
Group 467
579 612
Group 468
419 462
Group 469
345 378
Group 470
384 426
Group 471
304 349
Group 472
984 1011
Group 473
108 134
Group 474
556 590
Group 475
926 956
Group 476
222 264
Group 477
413 448
Group 478
134 178
Group 479
553 579
Group 480
456 499
Group 481
981 1015
Group 482
585 623
Group 483
508 550
Group 484
13 43
Group 485
509 550
Group 486
409 430
Group 487
484 508
Group 488
949 976
Group 489
604 630
Group 490
654 695
Group 491
289 309
Group 492
524 566
Group 493
894 922
Group 494
540 564
Group 495
407 450
Group 496
202 236
Group 497
650 687
Group 498
105 136
Group 499
837 867
Group 500
228 267
Group 501
529 571
Group 502
18 47
Group 503
940 973
Group 504
43 63
Group 505
272 315
Group 506
997 1021
Group 507
271 304
Group 508
97 133
Group 509
465 491
Group 510
454 492
Group 511
607 650
Group 512
830 863
Group 513
708 755
Group 514
318 348
Group 515
651 677
Group 516
857 901
Group 517
788 827
Group 518
165 210
Group 519
136 166
Group 520
652 684
Group 521
704 734
Group 522
76 118
Group 523
299 340
Group 524
252 279
Group 525
641 676
Group 526
893 927
Group 527
945 982
Group 528
780 823
Group 529
247 280
Group 530
764 791
Group 531
579 619
Group 532
811 841
Group 533
802 836
Group 534
151 181
Group 535
322 342
Group 536
873 906
Group 537
126 169
Group 538
710 758
Group 539
598 622
Group 540
616 649
Group 541
339 383
Group 542
694 735
Group 543
790 835
Group 544
436 464
Group 545
796 841
Group 546
803 842
Group 547
366 411
Group 548
581 604
Group 549
821 844
Group 550
625 671
Group 551
172 196
Group 552
38 81
Group 553
67 100
Group 554
97 117
Group 555
887 907
Group 556
725 761
Group 557
607 636
Group 558
626 667
Group 559
842 886
Group 560
775 795
Group 561
109 158
Group 562
798 828
Group 563
694 722
Group 564
954 990
Group 565
686 707
Group 566
820 862
Group 567
666 701
Group 568
492 533
Group 569
268 288
Group 570
122 161
Group 571
327 356
Group 572
854 903
Group 573
601 644
Group 574
760 795
Group 575
141 177
Group 576
261 291
Group 577
207 242
Group 578
545 575
Group 579
251 273
Group 580
970 997
Group 581
925 969
Group 582
50 97
Group 583
221 249
Group 584
610 659
Group 585
853 878
Group 586
914 956
Group 587
716 759
Group 588
110 157
Group 589
812 859
Group 590
89 117
Group 591
331 373
Group 592
2 25
Group 593
668 715
Group 594
956 993
Group 595
55 78
Group 596
135 173
Group 597
111 146
Group 598
453 484
Group 599
80 126
